4294967278,213
4294967278,212
4294967279,18
4294967279,17
4294967279,15
4294967279,14
4294967279,13
4294967279,12
4294967294,61
4294967294,81
4294967294,12
4294967294,126
4294967294,18
4294967294,430
4294967294,43
4294967278,322
4294967278,210
4294967278,209
4294967278,320
4294967279,425
4294967278,207
4294967278,206
4294967278,353
4294967278,204
4294967278,203
4294967278,366
4294967279,424
4294967278,201
4294967278,200
4294967278,199
4294967278,198
4294967279,423
4294967278,365
4294967278,196
4294967278,364
4294967279,422
4294967278,194
4294967278,363
4294967278,349
4294967278,0
4294967278,192
4294967278,191
4294967278,190
4294967278,314
4294967278,304
4294967278,352
4294967294,203
4294967294,82
4294967278,351
4294967294,5
4294967278,350
4294967294,7
4294967279,405
4294967278,184
4294967294,471
4294967294,50
4294967278,132
4294967278,131
4294967278,130
4294967278,129
4294967278,128
4294967278,127
4294967278,126
4294967278,125
4294967278,124
4294967278,123
4294967278,122
4294967278,121
4294967278,120
4294967278,119
4294967278,118
4294967278,117
4294967278,116
4294967278,115
4294967278,114
4294967278,113
4294967278,112
4294967278,111
4294967278,110
4294967278,109
4294967278,108
4294967278,107
4294967278,106
4294967278,105
4294967278,104
4294967278,103
4294967278,102
4294967278,101
4294967278,100
4294967278,99
4294967278,98
4294967278,97
4294967278,96
4294967278,95
4294967278,94
4294967278,93
4294967278,92
4294967278,91
4294967278,90
4294967278,89
4294967278,87
4294967278,86
4294967278,85
4294967278,84
4294967278,83
4294967278,82
4294967278,81
4294967278,80
4294967278,79
4294967278,78
4294967278,77
4294967278,76
4294967278,75
4294967278,74
4294967278,73
4294967278,72
4294967278,71
4294967278,69
4294967278,68
4294967278,67
4294967278,66
4294967278,65
4294967278,64
4294967278,62
4294967278,61
4294967278,60
4294967278,59
4294967278,57
4294967278,56
4294967278,55
4294967278,54
4294967279,69
4294967279,67
4294967279,65
4294967279,59
4294967279,55
4294967279,54
4294967279,52
4294967279,47
4294967279,45
4294967279,44
4294967279,307
4294967279,260
4294967279,33
4294967279,29
4294967279,27
4294967279,24
4294967279,22
4294967279,21
4294967279,19
4294967279,16
4294967279,11
4294967279,10
4294967279,9
4294967279,8
4294967279,7
4294967279,6
4294967279,5
4294967279,4
4294967279,421
4294967279,71
4294967278,362
4294967278,70
4294967278,182
4294967278,181
4294967279,182
4294967278,180
4294967278,179
4294967278,178
4294967278,177
4294967294,46
4294967279,178
4294967278,361
4294967278,63
4294967279,420
4294967279,0
4294967279,63
4294967278,175
4294967279,175
4294967278,172
4294967278,171
4294967294,68
4294967294,11
4294967278,360
4294967278,58
4294967279,419
4294967279,410
4294967279,58
4294967278,169
0,5
4294967294,6
4294967294,94
4294967294,96
4294967278,167
45,6
45,5
45,4
45,3
45,2
45,1
4294967294,8
0,7
4294967294,38
4294967294,2
4294967294,0
4294967294,44
4294967294,1
4294967294,414
4294967294,28
4294967294,1019
4294967294,27
4294967294,91
4294967294,87
4294967294,85
4294967294,17
4294967294,41
4294967294,52
4294967294,156
4294967294,26
4294967294,1355
4294967294,83
4294967294,93
4294967294,95
4294967294,67
4294967294,36
4294967294,426
4294967294,418
4294967294,51
4294967294,25
44,6
44,5
44,4
44,3
44,2
44,1
43,4
4294967294,1356
43,3
43,2
43,1
42,5
42,4
42,3
42,2
42,1
4294967278,359
4294967279,418
4294967279,417
4294967279,416
4294967279,415
4294967279,414
4294967294,460
4294967278,358
4294967293,131
4294967293,130
4294967293,129
4294967293,128
4294967293,127
4294967293,126
4294967293,125
4294967293,124
4294967293,123
4294967293,122
4294967293,121
4294967293,120
4294967293,119
4294967293,118
4294967293,117
4294967293,116
4294967293,115
4294967293,114
4294967293,113
4294967293,112
4294967293,111
4294967293,110
4294967293,109
4294967293,108
4294967293,107
4294967293,106
4294967293,105
4294967293,104
4294967293,103
4294967293,102
4294967293,101
4294967293,100
4294967293,99
4294967293,98
4294967293,97
4294967293,96
4294967293,95
4294967293,94
4294967293,93
4294967293,92
4294967293,91
4294967293,90
4294967293,89
4294967293,88
4294967293,87
4294967293,86
4294967293,85
4294967293,84
4294967293,83
